 B_ens_min B_ens_max B_ens_mean B_ens_std
0 0.7690602494327914 0.8621761173255263 0.8383625082022478 0.011056936141703026
1 0.8235810821644913 0.8626098220446241 0.848475624802916 0.006561592213331498
2 0.8391266109602393 0.8630653245733808 0.8537659738807215 0.005669836307434324
3 0.8435387546687236 0.8631262257304158 0.8577529446494331 0.004668489254714061
4 0.8462453507693825 0.8631262257304158 0.8602803185596367 0.003473445346452157
5 0.8472243393609886 0.8631262257304158 0.8615552226947372 0.0025369638234179264
6 0.8472243393609886 0.8631262257304158 0.8622137602987449 0.00194233402425032
7 0.8494054655193813 0.8631262257304158 0.8625940989126734 0.0014586607901315482
8 0.8494054655193813 0.8631262257304158 0.8627622262679441 0.0012428173815664377
9 0.849411392986489 0.8631262257304158 0.862865625555835 0.0011257344911297902
10 0.8504516712989995 0.8631262257304158 0.8629481218506581 0.0009129717913902014
11 0.856969687574237 0.8631262257304158 0.8630092610981698 0.0006210998212163953
12 0.8572890155962847 0.8631262257304158 0.8630283403106389 0.0005881907553305127
13 0.857989486862984 0.8631262257304158 0.863039603772869 0.0005486854783684807
14 0.8586041629679724 0.8631262257304158 0.8630573074644066 0.00048074055544377475
15 0.8586041629679724 0.8631262257304158 0.8630620248053058 0.0004633937915129543
16 0.8586041629679724 0.8631262257304158 0.863066760912021 0.00044807017136961746
17 0.8590772886163589 0.8631262257304158 0.8630765071482284 0.00040492916651737145
18 0.8590772886163589 0.8631262257304158 0.8630814836166896 0.0003840531979602679
19 0.8590772886163589 0.8631262257304158 0.8630855560800362 0.0003589946392709071
20 0.8590772886163589 0.8631262257304158 0.8630876406800934 0.0003418998874926444
21 0.8590772886163589 0.8631262257304158 0.8630888105960632 0.000340440519573718
22 0.8590772886163589 0.8631262257304158 0.8630942226911238 0.0003165635144744479
23 0.8590772886163589 0.8631262257304158 0.863095508892784 0.0003133619290971103
24 0.8590772886163589 0.8631262257304158 0.8630992631829382 0.0002886863955312073
25 0.8590772886163589 0.8631262257304158 0.8630997472951111 0.00028731247153876985
26 0.8590772886163589 0.8631262257304158 0.8631031044877833 0.000259163538303101
27 0.8590772886163589 0.8631262257304158 0.8631040857017586 0.00025760188446609367
28 0.8590772886163589 0.8631262257304158 0.8631054014940225 0.0002559087488761919
29 0.8590772886163589 0.8631262257304158 0.8631076817365588 0.0002311984938467461
30 0.8590772886163589 0.8631262257304158 0.8631077426377157 0.00023119534628334327
31 0.8590772886163589 0.8631262257304158 0.8631081094576969 0.00022802429038384895
32 0.8590772886163589 0.8631262257304158 0.8631103653615309 0.00021853649939546443
33 0.8590772886163589 0.8631262257304158 0.8631132948330649 0.00018375688486657154
34 0.8590772886163589 0.8631262257304158 0.8631132948330649 0.00018375688486657154
35 0.8590772886163589 0.8631262257304158 0.8631139418302 0.00018184647070297288
36 0.8590772886163589 0.8631262257304158 0.8631144737867628 0.0001813976777712686
37 0.8590772886163589 0.8631262257304158 0.8631145955890769 0.0001813850683395067
38 0.8590772886163589 0.8631262257304158 0.8631147782925478 0.00018136599901897525
39 0.8590772886163589 0.8631262257304158 0.8631148391937049 0.0001813596011906667
40 0.8590772886163589 0.8631262257304158 0.863117952781749 0.00013197738191158339
41 0.8590772886163589 0.8631262257304158 0.86311813548522 0.0001319465192810331
42 0.8590772886163589 0.8631262257304158 0.8631189339957243 0.00012877054304443193
43 0.8590772886163589 0.8631262257304158 0.863119131735447 0.0001286295459663781
44 0.8590772886163589 0.8631262257304158 0.863119131735447 0.0001286295459663781
45 0.8590772886163589 0.8631262257304158 0.863119192636604 0.0001286184615410823
46 0.8590772886163589 0.8631262257304158 0.863119253537761 0.00012860734729223475
47 0.8590772886163589 0.8631262257304158 0.863119314438918 0.00012859620321210342
48 0.8595780335448784 0.8631262257304158 0.8631198760850036 0.00011283924062846558
49 0.8595780335448784 0.8631262257304158 0.8631199978873176 0.00011281313043760296
50 0.8606348401003381 0.8631262257304158 0.863121054693873 7.96856724015699e-05
51 0.8606348401003381 0.8631262257304158 0.86312111559503 7.966630708477668e-05
52 0.8630653245733808 0.8631262257304158 0.8631236069806602 1.236041340188935e-05
53 0.8630653245733808 0.8631262257304158 0.8631236069806602 1.236041340188935e-05
54 0.8630653245733808 0.8631262257304158 0.8631236678818172 1.2222222886166132e-05
55 0.8630653245733808 0.8631262257304158 0.8631237896841311 1.1940112307872231e-05
56 0.8630653245733808 0.8631262257304158 0.8631237896841311 1.1940112307872231e-05
57 0.8630653245733808 0.8631262257304158 0.8631237896841311 1.1940112307872231e-05
58 0.8630653245733808 0.8631262257304158 0.8631237896841311 1.1940112307872231e-05
59 0.8630653245733808 0.8631262257304158 0.8631237896841311 1.1940112307872231e-05
60 0.8630653245733808 0.8631262257304158 0.8631237896841311 1.1940112307872231e-05
61 0.8630653245733808 0.8631262257304158 0.8631237896841311 1.1940112307872231e-05
62 0.8630653245733808 0.8631262257304158 0.8631237896841311 1.1940112307872231e-05
63 0.8630653245733808 0.8631262257304158 0.8631237896841311 1.1940112307872231e-05
64 0.8630653245733808 0.8631262257304158 0.8631237896841311 1.1940112307872231e-05
65 0.8630653245733808 0.8631262257304158 0.8631239114864452 1.1649898294034516e-05
66 0.8630653245733808 0.8631262257304158 0.8631240332887593 1.1350959311413247e-05
67 0.8630653245733808 0.8631262257304158 0.8631240332887593 1.1350959311413247e-05
68 0.8630653245733808 0.8631262257304158 0.8631240941899163 1.1198000393489381e-05
69 0.8630653245733808 0.8631262257304158 0.8631240941899163 1.1198000393489381e-05
70 0.8630653245733808 0.8631262257304158 0.8631241550910732 1.1042586789726191e-05
71 0.8630653245733808 0.8631262257304158 0.8631241550910732 1.1042586789726191e-05
72 0.8630653245733808 0.8631262257304158 0.8631242768933873 1.0723966962797775e-05
73 0.8630653245733808 0.8631262257304158 0.8631242768933873 1.0723966962797775e-05
74 0.8630653245733808 0.8631262257304158 0.8631243377945443 1.0560525632452109e-05
75 0.8630653245733808 0.8631262257304158 0.8631243377945443 1.0560525632452109e-05
76 0.8630653245733808 0.8631262257304158 0.8631243377945443 1.0560525632452109e-05
77 0.8630653245733808 0.8631262257304158 0.8631243377945443 1.0560525632452109e-05
78 0.8630653245733808 0.8631262257304158 0.8631243986957013 1.0394157518576793e-05
79 0.8630653245733808 0.8631262257304158 0.8631244595968582 1.0224719755627532e-05
80 0.8630653245733808 0.8631262257304158 0.8631245204980152 1.0052057118523556e-05
81 0.8630653245733808 0.8631262257304158 0.8631246423003294 9.696364927043575e-06
82 0.8630653245733808 0.8631262257304158 0.8631247641026433 9.325525828285004e-06
83 0.8630653245733808 0.8631262257304158 0.8631247641026433 9.325525828285004e-06
84 0.8630653245733808 0.8631262257304158 0.8631247641026433 9.325525828285004e-06
85 0.8630653245733808 0.8631262257304158 0.8631247641026433 9.325525828285004e-06
86 0.8630653245733808 0.8631262257304158 0.8631247641026433 9.325525828285004e-06
87 0.8630653245733808 0.8631262257304158 0.8631247641026433 9.325525828285004e-06
88 0.8630653245733808 0.8631262257304158 0.8631248250038004 9.133852613822645e-06
89 0.8630653245733808 0.8631262257304158 0.8631249468061144 8.7366269683178e-06
90 0.8630653245733808 0.8631262257304158 0.8631250077072714 8.530428265862003e-06
91 0.8630653245733808 0.8631262257304158 0.8631250686084285 8.318673974096399e-06
92 0.8630653245733808 0.8631262257304158 0.8631250686084285 8.318673974096399e-06
93 0.8630653245733808 0.8631262257304158 0.8631250686084285 8.318673974096399e-06
94 0.8630653245733808 0.8631262257304158 0.8631251295095854 8.100928443605517e-06
95 0.8630653245733808 0.8631262257304158 0.8631251295095854 8.100928443605517e-06
96 0.8630653245733808 0.8631262257304158 0.8631251295095854 8.100928443605517e-06
97 0.8630653245733808 0.8631262257304158 0.8631251295095854 8.100928443605517e-06
98 0.8630653245733808 0.8631262257304158 0.8631251295095854 8.100928443605517e-06
99 0.8630653245733808 0.8631262257304158 0.8631251295095854 8.100928443605517e-06
100 0.8630653245733808 0.8631262257304158 0.8631251904107425 7.876694819678253e-06
